1 0.68984375 0.1578125 0.13046875 0.08046875
1 0.45859375 0.1484375 0.178125 0.0609375
1 0.0328125 0.3265625 0.046875 0.1828125
1 0.0296875 0.5484375 0.05 0.18671875
1 0.02734375 0.74921875 0.04921875 0.140625
1 0.82265625 0.721875 0.03359375 0.27109375
1 0.82109375 0.9328125 0.03046875 0.1265625
0 0.2390625 0.44296875 0.07421875 0.0734375
0 0.34453125 0.45234375 0.06875 0.06875
0 0.34765625 0.834375 0.0734375 0.07578125
0 0.34453125 0.91328125 0.07734375 0.06953125
0 0.66875 0.48671875 0.10234375 0.07734375