1 0.8958506944444444 0.7424999999999999 0.098576388888889 0.14853009259259248
1 0.8826736111111112 0.4986284722222223 0.08347222222222221 0.1945138888888888
1 0.6525000000000001 0.05487847222222222 0.19562500000000008 0.0522337962962963
1 0.41921875000000003 0.04979745370370371 0.20093750000000005 0.06653935185185185
1 0.2070659722222222 0.04659143518518518 0.1506597222222222 0.05769675925925925
1 0.3167361111111111 0.8831712962962964 0.2897916666666667 0.06646990740740719
1 0.11008680555555554 0.8810300925925926 0.10628472222222225 0.04136574074074062
0 0.5512499999999999 0.26709490740740743 0.08649305555555564 0.08710648148148152
0 0.5506770833333333 0.3769675925925926 0.07833333333333332 0.07888888888888887
0 0.15022569444444445 0.38114583333333335 0.08805555555555555 0.08718749999999993
0 0.06666666666666668 0.3775925925925926 0.081875 0.08842592592592595
0 0.5480208333333334 0.7205671296296297 0.09256944444444457 0.1185995370370371