1 0.7136284722222223 0.8265335648148149 0.1494791666666666 0.09913194444444429
1 0.4696006944444445 0.8293113425925925 0.19722222222222213 0.08530092592592595
1 0.04187500000000001 0.6252604166666667 0.03680555555555556 0.19635416666666677
1 0.038559027777777775 0.3921875 0.051006944444444445 0.2
1 0.042465277777777775 0.18075810185185184 0.04409722222222223 0.14982638888888888
1 0.8697569444444444 0.23697916666666669 0.069027777777778 0.2895833333333334
1 0.8718402777777777 0.041681134259259255 0.04152777777777779 0.08336226851851851
0 0.24571180555555555 0.5105034722222223 0.08649305555555556 0.08587962962962958
0 0.35654513888888884 0.5040509259259259 0.07996527777777782 0.07939814814814809
0 0.3707638888888889 0.10208333333333333 0.08656249999999996 0.08744212962962963
0 0.36796875 0.029166666666666664 0.0890625 0.05833333333333333
0 0.7005555555555556 0.47957175925925927 0.11802083333333328 0.09328703703703703