0 0.815625 0.11671875000000001 0.0578125 0.03197916666666667
0 0.6171875 0.08229166666666667 0.0546875 0.028645833333333325
0 0.38359375 0.03145833333333333 0.0546875 0.03489583333333333
0 0.38359375 0.12364583333333332 0.0546875 0.031770833333333304
0 0.81484375 0.34020833333333333 0.0609375 0.04156250000000004
0 0.33125 0.31385416666666666 0.0640625 0.03708333333333336
0 0.278125 0.3173958333333333 0.0546875 0.031770833333333394
0 0.1578125 0.3168229166666666 0.0734375 0.03614583333333332
0 0.4625 0.42385416666666664 0.0546875 0.025520833333333215
0 0.53359375 0.45114583333333336 0.0671875 0.04197916666666668
0 0.5078125 0.35677083333333337 0.0515625 0.03468749999999998
0 0.4484375 0.3349479166666667 0.0484375 0.02510416666666666
0 0.60625 0.3252083333333333 0.0578125 0.03197916666666671
0 0.60390625 0.34958333333333336 0.0609375 0.032187500000000036
0 0.290625 0.018906250000000003 0.0703125 0.0359375
0 0.5671875 0.0840625 0.0546875 0.031770833333333345
0 0.528125 0.08432291666666666 0.0640625 0.029270833333333312
1 0.79609375 0.07817708333333333 0.0359375 0.04302083333333333
1 0.83828125 0.18473958333333335 0.03125 0.06302083333333335
1 0.78359375 0.2891666666666667 0.028125 0.04093749999999998
1 0.82734375 0.39171875 0.0265625 0.04083333333333332
1 0.29453125 0.39911458333333333 0.0234375 0.04375
1 0.24140625 0.27453125 0.06875 0.01708333333333325
1 0.30703125 0.19515625 0.0265625 0.04083333333333332
1 0.31171875 0.0909375 0.0265625 0.04083333333333332
1 0.39453125 0.002500000000000001 0.071875 0.005000000000000002
1 0.44765625 0.017812500000000002 0.0203125 0.031041666666666662
1 0.48046875 0.040625 0.0515625 0.019062500000000003
1 0.5484375 0.04 0.0515625 0.017500000000000005
1 0.82109375 0.14291666666666666 0.046875 0.025
1 0.8140625 0.22697916666666668 0.0484375 0.02666666666666666
1 0.26796875 0.3555729166666667 0.0375 0.013437500000000036
1 0.18046875 0.33796875000000004 0.0265625 0.022083333333333323
0 0.56875 0.9105208333333333 0.0640625 0.03708333333333336
0 0.55078125 0.76640625 0.046875 0.0265625
0 0.50390625 0.815625 0.0578125 0.03354166666666671
1 0.54921875 0.5001041666666668 0.071875 0.017291666666666573
1 0.5 0.9033854166666668 0.0625 0.01666666666666643