0 0.12593749999999998 0.7344097222222222 0.034062500000000016 0.05697916666666671
0 0.12244791666666668 0.5397048611111112 0.027743055555555517 0.053715277777777716
0 0.10805555555555554 0.3080208333333333 0.03555555555555556 0.053888888888888875
0 0.19364583333333335 0.32555555555555554 0.03243055555555552 0.05381944444444446
0 0.3359895833333334 0.7789409722222222 0.04201388888888893 0.06340277777777778
0 0.37991319444444444 0.31484375 0.03732638888888893 0.06329861111111112
0 0.3904166666666667 0.26427083333333334 0.03243055555555561 0.05381944444444446
0 0.40703125 0.14973958333333334 0.03597222222222225 0.07263888888888888
0 0.4641840277777778 0.4621006944444444 0.026145833333333358 0.05211805555555564
0 0.47895833333333326 0.5359027777777777 0.0421180555555555 0.06809027777777779
0 0.3955208333333333 0.4918402777777778 0.032361111111111104 0.050694444444444466
0 0.38359375 0.4306076388888888 0.026006944444444447 0.04586805555555564
0 0.3513715277777778 0.5791840277777778 0.03249999999999993 0.056944444444444284
0 0.3747916666666667 0.5804861111111111 0.03260416666666668 0.06163194444444446
0 0.10932291666666667 0.2158159722222222 0.03902777777777775 0.06958333333333329
0 0.13053819444444445 0.4922048611111111 0.029340277777777767 0.055312499999999966
0 0.13682291666666666 0.4556076388888889 0.03111111111111109 0.06472222222222221
1 0.09289930555555556 0.7086631944444445 0.04302083333333333 0.03843749999999986
1 0.18687499999999999 0.7709374999999999 0.061736111111111124 0.03729166666666668
1 0.2923090277777778 0.7396701388888889 0.041284722222222216 0.030590277777777786
1 0.3815798611111111 0.8026215277777776 0.039687499999999966 0.028993055555555713
1 0.4647222222222222 0.2971875 0.042743055555555645 0.025937500000000037
1 0.35541666666666666 0.22128472222222223 0.02020833333333334 0.06604166666666664
1 0.27154513888888887 0.26710069444444445 0.04124999999999997 0.029027777777777784
1 0.17342013888888888 0.25085069444444447 0.04124999999999997 0.029027777777777784
1 0.07204861111111112 0.3103472222222222 0.021875 0.07076388888888889
1 0.08489583333333332 0.3653472222222222 0.0301736111111111 0.022534722222222213
1 0.10210069444444443 0.40012152777777776 0.019895833333333356 0.051979166666666646
1 0.09204861111111111 0.4655555555555555 0.018333333333333313 0.05194444444444457
1 0.15069444444444444 0.7459027777777777 0.027604166666666652 0.04746527777777772
1 0.22940972222222222 0.75625 0.026006944444444447 0.04586805555555564
1 0.42718749999999994 0.26274305555555555 0.016493055555555712 0.039409722222222235
1 0.4236284722222223 0.17668402777777778 0.020902777777777715 0.027013888888888893
0 0.9060416666666666 0.6626388888888888 0.037361111111111 0.06486111111111122
0 0.77265625 0.6151215277777778 0.029166666666666608 0.04750000000000014
0 0.825 0.5811111111111111 0.034062499999999926 0.05697916666666671
1 0.5237673611111111 0.5595659722222222 0.02027777777777775 0.06916666666666664
1 0.9083159722222222 0.59546875 0.01850694444444443 0.05975694444444457