0 0.18515625 0.22734375 0.0234375 0.053125
0 0.15078125 0.4171875 0.01953125 0.05078125
0 0.1 0.640625 0.0265625 0.04921875
0 0.1859375 0.63671875 0.025 0.05
0 0.396875 0.2171875 0.0328125 0.05703125
0 0.36640625 0.67734375 0.028125 0.059375
0 0.36875 0.72734375 0.02421875 0.04921875
0 0.36640625 0.8421875 0.02578125 0.06875
0 0.471875 0.546875 0.01875 0.05
0 0.4984375 0.478125 0.03203125 0.0609375
0 0.409375 0.50703125 0.02578125 0.046875
0 0.38828125 0.56484375 0.01796875 0.04453125
0 0.38046875 0.415625 0.0234375 0.053125
0 0.40390625 0.4171875 0.02265625 0.05703125
0 0.08671875 0.73125 0.02734375 0.065625
0 0.15078125 0.46484375 0.02265625 0.05078125
0 0.1515625 0.5015625 0.02109375 0.06015625
1 0.1484375 0.246875 0.03671875 0.03203125
1 0.25078125 0.2015625 0.0578125 0.02734375
1 0.3484375 0.24921875 0.03671875 0.025
1 0.44609375 0.20234375 0.0359375 0.02265625
1 0.44609375 0.7078125 0.03828125 0.0203125
1 0.32734375 0.76484375 0.01015625 0.065625
1 0.25234375 0.70625 0.0359375 0.0234375
1 0.1546875 0.70703125 0.0359375 0.0234375
1 0.06484375 0.6328125 0.01015625 0.06875
1 0.08671875 0.58125 0.0265625 0.01796875
1 0.109375 0.54921875 0.0125 0.0484375
1 0.109375 0.484375 0.0109375 0.04921875
1 0.2109375 0.2203125 0.01953125 0.04296875
1 0.28984375 0.22265625 0.01953125 0.04375
1 0.4046875 0.73515625 0.009375 0.0359375
1 0.38671875 0.81875 0.01640625 0.02421875
0 0.934375 0.42265625 0.028125 0.06015625
0 0.79765625 0.446875 0.02109375 0.04296875
0 0.84296875 0.48828125 0.025 0.053125
1 0.54609375 0.4609375 0.00859375 0.06875
1 0.92578125 0.4875 0.00859375 0.059375