0 0.4453993055555555 0.8115509259259259 0.07913194444444435 0.04646990740740762
0 0.23984375 0.8475810185185185 0.08055555555555553 0.04024305555555543
0 0.7146354166666666 0.7233217592592592 0.0855555555555556 0.05437499999999993
0 0.5424652777777779 0.6988888888888889 0.06819444444444436 0.04630787037037045
0 0.29065972222222225 0.38958912037037036 0.06656250000000004 0.04315972222222229
0 0.23385416666666664 0.3434201388888889 0.0932291666666667 0.048240740740740765
0 0.4054513888888889 0.288130787037037 0.1011805555555556 0.054606481481481416
0 0.3873784722222222 0.2222164351851852 0.08878472222222218 0.059108796296296263
0 0.5031770833333333 0.4271238425925926 0.049131944444444284 0.03196759259259263
0 0.20203125000000002 0.05222800925925926 0.15218749999999998 0.10065972222222222
0 0.6694965277777778 0.6796701388888889 0.08534722222222228 0.04499999999999993
0 0.6286284722222222 0.5493344907407407 0.07913194444444435 0.04646990740740744
0 0.17114583333333333 0.28153356481481484 0.10145833333333334 0.0671064814814815
1 0.652986111111111 0.8599537037037036 0.06472222222222221 0.10092592592592595
1 0.8044618055555557 0.4440914351851852 0.06506944444444436 0.11655092592592595
1 0.6673784722222222 0.7398148148148148 0.05934027777777775 0.06960648148148145
1 0.026536458333333336 0.7888715277777777 0.05307291666666667 0.09619212962962961
1 0.03847222222222223 0.6249942129629631 0.05520833333333334 0.09453703703703695
1 0.04581597222222222 0.5055324074074073 0.04336805555555556 0.053750000000000145
1 0.06539930555555555 0.3276388888888889 0.0528125 0.05701388888888888