0 0.1509259259259259 0.5149016203703705 0.048090277777777767 0.0783564814814813
0 0.11244212962962963 0.7078993055555556 0.04195601851851851 0.08101851851851852
0 0.2384548611111111 0.26678240740740744 0.05457175925925926 0.08506944444444446
0 0.2582465277777778 0.4304108796296296 0.046064814814814795 0.06574074074074084
0 0.5472222222222222 0.6868344907407408 0.04293981481481488 0.06550925925925935
0 0.5890625 0.7416377314814815 0.050115740740740836 0.09097222222222215
0 0.6442997685185186 0.5827835648148149 0.05665509259259256 0.09924768518518512
0 0.7061631944444444 0.6046006944444444 0.05931712962962976 0.08697916666666679
0 0.515625 0.48237847222222224 0.03142361111111107 0.04907407407407405
0 0.8770833333333334 0.7911747685185185 0.12876157407407404 0.15289351851851868
0 0.2782986111111111 0.312037037037037 0.04508101851851851 0.08125
0 0.4019386574074074 0.35801504629629627 0.04803240740740726 0.07679398148148149
0 0.646267361111111 0.8046296296296296 0.06915509259259274 0.10017361111111107
1 0.10810185185185187 0.3174479166666667 0.09762731481481479 0.06956018518518511
1 0.5034143518518519 0.1986689814814815 0.11325231481481488 0.07071759259259255
1 0.22118055555555555 0.31015625 0.06927083333333339 0.06122685185185182
1 0.1658564814814815 0.9155381944444445 0.09438657407407405 0.0662037037037038
1 0.31964699074074077 0.908912037037037 0.09097222222222223 0.05815972222222214
1 0.43243634259259256 0.9094328703703702 0.0515625 0.04589120370370381
1 0.6011574074074074 0.9015625 0.056597222222222146 0.055613425925925955
1 0.9167824074074075 0.3961516203703704 0.03379629629629619 0.07106481481481479