0 0.18359375 0.48359375 0.03671875 0.06875
0 0.134375 0.66640625 0.03125 0.071875
0 0.28359375 0.24765625 0.04296875 0.0734375
0 0.29296875 0.40546875 0.0359375 0.0578125
0 0.5546875 0.659375 0.03359375 0.05703125
0 0.59140625 0.71328125 0.0375 0.08125
0 0.6546875 0.56328125 0.0421875 0.08828125
0 0.71328125 0.58515625 0.046875 0.0765625
0 0.53671875 0.46328125 0.025 0.0421875
0 0.865625 0.76953125 0.10625 0.128125
0 0.3203125 0.2921875 0.03359375 0.0734375
0 0.4359375 0.340625 0.03671875 0.06796875
0 0.6421875 0.77578125 0.05390625 0.08828125
1 0.15546875 0.2921875 0.08828125 0.0515625
1 0.54453125 0.18984375 0.10234375 0.04921875
1 0.265625 0.2890625 0.059375 0.04921875
1 0.171875 0.86796875 0.08359375 0.04921875
1 0.32109375 0.86640625 0.08203125 0.04296875
1 0.4296875 0.8703125 0.0453125 0.03515625
1 0.59296875 0.8671875 0.0484375 0.04453125
1 0.9296875 0.3921875 0.025 0.06484375