0 0.20626736111111113 0.7390625 0.06586805555555557 0.08125
0 0.21796875 0.59765625 0.06604166666666664 0.0890625
0 0.2786458333333333 0.5859375 0.08055555555555553 0.109375
0 0.18368055555555557 0.3203125 0.08378472222222225 0.1140625
0 0.2454513888888889 0.3578125 0.08520833333333329 0.1078125
0 0.4838715277777778 0.3640625 0.058229166666666644 0.0890625
0 0.7996527777777779 0.65234375 0.08052083333333329 0.1078125
0 0.8919097222222223 0.09296875 0.08854166666666644 0.1171875
0 0.9163888888888888 0.98359375 0.08979166666666671 0.0328125
0 0.5955902777777778 0.9265625 0.07875000000000014 0.0984375
0 0.43609375000000006 0.8859375 0.07940972222222217 0.128125
0 0.47407986111111117 0.9078125 0.09343749999999992 0.1265625
0 0.9691666666666666 0.82734375 0.047673611111111215 0.10625
1 0.5817881944444444 0.72734375 0.06145833333333321 0.1640625
1 0.5981944444444445 0.51640625 0.05673611111111114 0.1625
1 0.6184548611111111 0.26796875 0.06586805555555557 0.221875
1 0.23130208333333338 0.21328125 0.04201388888888893 0.1328125
1 0.9871006944444446 0.13359375 0.02579861111111086 0.0578125
0 0.8896701388888889 0.23828125 0.09624999999999986 0.1125
0 0.6580208333333333 0.95859375 0.07527777777777782 0.0828125