0 0.7925347222222222 0.7793287037037037 0.07855324074074073 0.05839120370370363
0 0.6511111111111111 0.7780324074074073 0.08636574074074073 0.05844907407407405
0 0.6326967592592593 0.7180092592592592 0.10519675925925931 0.06952546296296305
0 0.3764988425925926 0.8324131944444444 0.10990740740740738 0.07268518518518512
0 0.40804976851851854 0.767332175925926 0.10210648148148138 0.07418981481481488
0 0.39144097222222224 0.5291608796296297 0.08630787037037031 0.05063657407407405
0 0.6499189814814814 0.19519675925925925 0.10363425925925931 0.06951388888888888
0 0.07762152777777778 0.14240162037037035 0.12244212962962964 0.07746527777777779
0 0.9774131944444445 0.05291666666666667 0.045173611111111 0.08314814814814815
0 0.9426909722222222 0.37741319444444443 0.0942592592592593 0.06944444444444446
0 0.917332175925926 0.5401099537037037 0.12392361111111114 0.06653935185185186
0 0.9350115740740741 0.5009143518518518 0.12090277777777772 0.08057870370370371
0 0.8071817129629629 0.015170717592592592 0.10335648148148166 0.030341435185185183
1 0.7452314814814816 0.4054398148148148 0.16126157407407415 0.04494212962962969
1 0.5327141203703704 0.40467013888888886 0.1596643518518519 0.04024305555555561
1 0.28346643518518516 0.4026099537037037 0.2190625 0.04380787037037024
1 0.26525462962962965 0.7918287037037037 0.13145833333333332 0.029097222222222108
1 0.11277199074074074 0.03588541666666667 0.053437499999999985 0.04258101851851852
0 0.22758101851851853 0.13582175925925927 0.10531249999999996 0.08515046296296296
0 0.9635590277777778 0.31083912037037037 0.07288194444444436 0.06461805555555555