0 0.24140625 0.25390625 0.05234375 0.07109375
0 0.24140625 0.3859375 0.05234375 0.07734375
0 0.296875 0.403125 0.0625 0.0953125
0 0.18828125 0.640625 0.065625 0.1
0 0.24921875 0.61171875 0.06796875 0.09296875
0 0.4703125 0.6296875 0.0453125 0.078125
0 0.784375 0.39296875 0.06328125 0.09453125
0 0.828125 0.92578125 0.06953125 0.11171875
0 0.92109375 0.05703125 0.07578125 0.10234375
0 0.6171875 0.11796875 0.06328125 0.0859375
0 0.465625 0.13984375 0.059375 0.11328125
0 0.50234375 0.12421875 0.071875 0.11171875
0 0.9703125 0.24765625 0.05859375 0.096875
1 0.5890625 0.3015625 0.03671875 0.15
1 0.58828125 0.49921875 0.0328125 0.14765625
1 0.5875 0.73125 0.0359375 0.203125
1 0.225 0.74453125 0.02421875 0.1234375
1 0.928125 0.89375 0.03671875 0.0484375
0 0.83671875 0.7859375 0.07734375 0.096875
0 0.67890625 0.08359375 0.05859375 0.0953125