0 0.39048032407407407 0.678599537037037 0.15442129629629625 0.08863425925925927
0 0.5180266203703704 0.745943287037037 0.1340856481481481 0.08692129629629619
0 0.48761574074074077 0.5387094907407407 0.1182986111111111 0.07586805555555554
0 0.5283680555555555 0.4421469907407407 0.15292824074074077 0.09331018518518519
0 0.43216435185185187 0.06491319444444443 0.13714120370370358 0.08225694444444445
0 0.8387905092592594 0.5678703703703704 0.1151967592592591 0.07740740740740737
0 0.9294618055555557 0.5513888888888889 0.1410763888888887 0.09641203703703702
1 0.2445659722222222 0.9532696759259259 0.24288194444444447 0.04866898148148167
1 0.23659143518518516 0.09861689814814814 0.31013888888888885 0.05385416666666667
1 0.8450578703703704 0.09453125 0.2992013888888888 0.05377314814814813
1 0.7031018518518518 0.9527604166666667 0.35848379629629645 0.04796296296296276