0 0.33671875 0.2921875 0.05234375 0.06015625
0 0.20390625 0.16640625 0.04765625 0.05
0 0.290625 0.1640625 0.046875 0.04765625
0 0.21796875 0.3328125 0.05625 0.04921875
0 0.096875 0.35 0.0515625 0.05
0 0.15703125 0.28828125 0.046875 0.04921875
0 0.5984375 0.35546875 0.0375 0.040625
0 0.4453125 0.75546875 0.0484375 0.04921875
0 0.5671875 0.41484375 0.040625 0.0625
0 0.68203125 0.2296875 0.05234375 0.0453125
0 0.77109375 0.23046875 0.034375 0.0375
0 0.77890625 0.34140625 0.04609375 0.05390625
1 0.34296875 0.46875 0.13359375 0.0296875
1 0.4515625 0.19140625 0.02578125 0.1125
1 0.14765625 0.10859375 0.09375 0.01796875
1 0.5546875 0.29296875 0.021875 0.07890625
1 0.93671875 0.2890625 0.021875 0.1109375
1 0.68203125 0.475 0.0671875 0.02265625