0 0.2144328703703704 0.7135474537037038 0.06894675925925924 0.0628587962962964
0 0.06796296296296296 0.865451388888889 0.05787037037037037 0.05760416666666686
0 0.07002893518518519 0.7693981481481481 0.05626157407407408 0.05596064814814809
0 0.2526851851851852 0.8441724537037036 0.05658564814814815 0.0668981481481481
0 0.26548032407407407 0.9651967592592591 0.05726851851851853 0.037291666666666855
0 0.19993634259259258 0.9132118055555555 0.05626157407407408 0.05596064814814809
0 0.29714699074074075 0.42298032407407415 0.04656250000000002 0.04453703703703695
0 0.7317592592592593 0.5767361111111111 0.05787037037037024 0.05760416666666668
0 0.3617534722222222 0.45395254629629633 0.0700925925925926 0.04887731481481481
0 0.16327546296296297 0.3339756944444444 0.053321759259259235 0.06204861111111111
0 0.16851273148148146 0.23619791666666665 0.041736111111111106 0.03960648148148147
0 0.29140046296296296 0.22202546296296294 0.06251157407407408 0.05628472222222225
1 0.409056712962963 0.7003356481481482 0.03872685185185176 0.1486574074074074
1 0.10885416666666667 0.59109375 0.12587962962962962 0.03616898148148149
1 0.006487268518518519 0.9305729166666665 0.012974537037037038 0.1042592592592591
1 0.22625 0.4726793981481482 0.08828703703703704 0.031099537037037096
1 0.24265625000000002 0.05060185185185184 0.12266203703703704 0.03288194444444446
1 0.4342071759259259 0.3253877314814815 0.028784722222222215 0.07637731481481484