0 0.72953125 0.34977430555555555 0.07145833333333336 0.06246527777777775
0 0.8706770833333334 0.21760416666666665 0.060243055555555716 0.05597222222222218
0 0.8693055555555557 0.30991319444444443 0.058680555555555715 0.05593749999999993
0 0.6925173611111111 0.22078125 0.06065972222222218 0.06534722222222218
0 0.6797222222222222 0.09124999999999998 0.06045138888888886 0.060659722222222226
0 0.7421875 0.15946180555555556 0.060243055555555536 0.05597222222222222
0 0.6502083333333333 0.6236805555555556 0.048819444444444395 0.044791666666666785
0 0.23041666666666666 0.43359375 0.060381944444444446 0.059097222222222176
0 0.5891319444444444 0.58671875 0.07097222222222221 0.05152777777777775
0 0.7812847222222222 0.7224305555555556 0.05583333333333336 0.06211805555555561
0 0.7760763888888889 0.8163888888888888 0.045486111111111074 0.040034722222222284
0 0.6580381944444444 0.8174479166666666 0.06493055555555553 0.056076388888888926
1 0.5415798611111111 0.3437847222222222 0.0502083333333335 0.1462847222222222
1 0.8322395833333334 0.47887152777777775 0.12361111111111107 0.041770833333333354
1 0.9354340277777778 0.16142361111111111 0.032638888888888926 0.10218750000000001
1 0.7187152777777778 0.5814930555555555 0.08732638888888893 0.033159722222222146
1 0.7058506944444444 0.978263888888889 0.12093750000000014 0.016736111111111285
1 0.5193402777777777 0.7055729166666667 0.034513888888889 0.07413194444444446